4294967278,10
4294967278,13
4294967278,12
4294967278,11
4294967278,313
4294967278,19
4294967278,18
4294967278,17
4294967278,16
4294967278,15
4294967278,14
4294967279,324
4294967278,255
4294967279,323
4294967278,312
4294967279,322
4294967278,311
4294967279,321
4294967278,310
4294967278,309
4294967278,251
4294967278,28
4294967278,27
4294967278,26
4294967278,25
4294967278,24
4294967278,23
4294967278,22
4294967278,21
4294967278,20
4294967279,320
4294967278,249
4294967279,319
4294967278,246
4294967278,244
4294967278,242
4294967278,240
4294967278,239
4294967279,318
4294967278,237
4294967278,236
4294967279,317
4294967278,235
4294967278,232
4294967278,230
4294967278,228
4294967278,227
4294967278,224
4294967278,34
4294967278,33
4294967278,32
4294967278,31
4294967278,30
4294967278,29
4294967278,223
4294967278,220
4294967278,218
4294967294,128
4294967278,214
4294967294,390
4294967294,120
4294967278,215
4294967278,217
4294967278,36
4294967278,35
4294967279,24
4294967279,22
4294967279,20
4294967279,19
4294967279,18
4294967279,17
4294967279,16
4294967279,14
4294967279,13
4294967278,213
4294967278,212
4294967278,211
4294967278,209
4294967279,316
4294967278,308
4294967279,315
4294967278,205
4294967278,307
4294967279,314
4294967278,204
4294967278,203
4294967278,306
4294967279,313
4294967278,202
4294967278,200
13,7
4294967278,199
13,6
13,5
4294967278,198
13,4
13,3
13,2
13,1
4294967294,426
4294967279,312
4294967278,197
4294967294,76
4294967279,311
4294967294,29
4294967278,305
4294967279,310
4294967278,194
4294967278,304
4294967279,309
4294967278,193
4294967294,38
4294967294,37
4294967294,42
4294967294,40
4294967294,43
4294967294,393
4294967294,45
4294967294,44
4294967294,52
4294967294,417
4294967294,89
4294967294,176
4294967294,905
4294967294,910
4294967294,86
4294967294,84
4294967294,82
4294967278,192
4294967278,303
4294967279,308
4294967278,191
4294967278,189
4294967278,186
4294967278,188
4294967278,187
4294967278,302
4294967294,99
4294967278,301
4294967294,91
4294967294,90
4294967294,87
4294967294,470
4294967294,956
4294967294,440
4294967294,908
4294967294,399
4294967294,413
4294967294,186
4294967294,407
4294967294,385
4294967294,179
4294967294,168
4294967294,917
4294967294,403
4294967294,420
4294967294,384
4294967294,425
4294967294,411
4294967294,466
4294967294,453
4294967294,457
4294967294,416
4294967294,456
4294967294,119
4294967294,955
4294967279,307
4294967278,300
4294967279,306
4294967278,299
4294967278,182
4294967294,36
4294967294,39
4294967294,387
4294967279,305
4294967278,181
4294967278,298
4294967278,180
4294967278,179
4294967278,176
4294967278,178
4294967278,177
4294967278,297
4294967278,260
4294967294,22
4294967294,17
4294967294,41
4294967278,175
4294967278,173
4294967279,304
4294967278,172
4294967294,1
4294967294,974
4294967278,296
4294967279,303
4294967279,0
4294967278,170
4294967294,971
4294967278,169
9,4
4294967278,168
9,3
9,2
9,1
4294967278,295
4294967294,392
4294967294,46
4294967294,115
4294967278,167
4294967294,107
4294967278,166
4294967294,6
4294967294,94
4294967294,96
4294967278,165
8,4
8,3
8,2
8,1
4294967279,302
4294967294,9
4294967278,164
4294967294,8
0,7
4294967294,53
4294967294,150
4294967294,471
4294967294,2
4294967294,0
4294967294,469
4294967294,954
4294967294,419
4294967294,28
4294967294,85
4294967294,907
4294967294,401
4294967294,81
4294967278,132
4294967278,131
4294967278,130
4294967278,129
4294967278,128
4294967278,127
4294967278,126
4294967278,125
4294967278,124
4294967278,123
4294967278,122
4294967278,121
4294967278,120
4294967278,119
4294967278,118
4294967278,117
4294967278,116
4294967278,115
4294967278,114
4294967278,113
4294967278,112
4294967278,111
4294967278,110
4294967278,109
4294967278,108
4294967278,107
4294967278,106
4294967278,105
4294967278,104
4294967278,103
4294967278,102
4294967278,101
4294967278,100
4294967278,99
4294967278,98
4294967278,97
4294967278,96
4294967278,95
4294967278,94
4294967278,93
4294967278,92
4294967278,91
4294967278,90
4294967278,89
4294967278,87
4294967278,86
4294967278,85
4294967278,84
4294967278,83
4294967278,82
4294967278,81
4294967278,80
4294967278,79
4294967278,78
4294967278,77
4294967278,76
4294967278,75
4294967278,74
4294967278,73
4294967278,72
4294967278,71
4294967278,70
4294967278,69
4294967278,68
4294967278,67
4294967278,66
4294967278,65
4294967278,64
4294967278,63
4294967278,62
4294967278,61
4294967278,60
4294967278,59
4294967278,58
4294967278,57
4294967278,56
4294967278,55
4294967278,54
4294967278,53
4294967278,52
4294967278,51
4294967278,50
4294967278,49
4294967278,47
4294967278,46
4294967278,45
4294967278,44
4294967278,43
4294967278,42
4294967278,41
4294967278,40
4294967278,39
